1 37 34 14 38 21 40 9 -1
2 7 34 2 25 27 6 14 39 -1
3 18 34 4 24 15 6 38 37 3 -1
4 12 36 22 23 26 32 -1
5 5 24 9 19 14 6 -1
6 29 11 32 6 9 31 24 -1
7 36 30 3 13 40 4 -1
8 31 35 22 14 27 6 21 2 -1
9 13 40 35 23 20 32 21 38 -1
10 4 28 34 16 38 27 6 -1
11 22 5 11 13 40 2 20 -1
12 11 18 16 1 2 37 -1
13 18 1 9 10 26 4 35 28 -1
14 9 26 33 1 35 13 31 -1
15 29 11 32 38 7 8 3 -1
16 35 17 38 2 23 3 -1
17 12 14 25 33 1 2 26 29 30 -1
18 30 25 32 6 16 19 12 -1
19 11 30 36 39 2 24 22 -1
20 26 34 1 29 19 31 -1
21 8 10 15 17 -1
-1
1 0 5
3 10 5
6 5 0
17 5 10
-1
