1 62 73 82 71 26 66 -1
2 43 5 39 24 3 45 41 83 90 -1
3 16 90 30 80 74 96 6 51 -1
4 52 33 1 81 6 46 -1
5 89 96 5 98 37 24 -1
6 44 29 52 76 86 62 -1
7 91 33 62 86 87 27 41 -1
8 42 67 94 32 92 79 60 49 -1
9 24 64 45 71 77 59 -1
10 80 43 8 39 67 -1
11 78 75 22 77 89 15 46 94 -1
12 33 61 5 25 86 34 55 90 -1
13 46 45 30 79 51 84 -1
14 80 49 29 68 41 54 58 -1
15 66 14 17 21 43 30 51 -1
16 9 3 57 50 75 1 -1
17 61 50 20 23 2 88 -1
18 27 38 81 75 34 92 74 83 35 -1
19 5 84 54 91 1 96 18 62 46 -1
20 56 72 28 66 2 4 34 48 -1
21 27 31 47 79 100 5 82 96 -1
22 83 79 94 62 73 80 85 37 12 -1
23 67 87 52 33 57 82 59 12 -1
24 85 51 39 1 7 23 3 11 45 -1
25 71 94 1 36 74 9 -1
26 34 61 49 3 22 71 62 -1
27 73 70 55 98 87 56 -1
28 82 57 12 83 31 6 9 -1
29 86 37 29 14 81 100 88 62 36 -1
30 53 20 67 62 58 90 65 35 -1
31 100 26 85 49 19 99 -1
32 20 86 24 37 52 92 29 -1
33 7 81 80 86 35 53 10 -1
34 30 54 46 96 34 80 48 -1
35 45 50 40 79 7 85 27 75 20 -1
36 8 4 49 99 58 14 53 57 -1
37 62 73 35 21 44 49 51 22 83 -1
38 65 62 26 1 43 15 -1
39 75 12 45 93 4 53 -1
40 2 79 36 91 45 51 -1
41 60 1 34 90 46 33 32 -1
42 92 19 18 98 14 34 35 72 -1
43 65 22 2 23 56 87 21 76 -1
44 4 98 19 81 18 36 22 79 61 -1
45 97 5 52 98 17 30 19 74 -1
46 27 4 63 91 69 36 71 20 -1
47 29 13 23 97 38 89 10 52 85 -1
48 82 46 22 7 4 77 33 -1
49 6 87 90 34 66 56 -1
50 23 44 97 56 99 77 82 31 -1
51 88 66 90 86 94 39 80 38 4 -1
52 49 42 53 39 24 17 -1
53 95 66 57 98 15 58 -1
54 96 65 60 73 80 50 53 67 -1
55 46 99 81 61 30 22 -1
56 40 76 21 35 74 37 -1
57 4 59 1 5 89 16 36 -1
58 54 78 86 80 70 -1
59 67 18 62 96 59 82 52 -1
60 31 35 97 46 79 72 61 82 -1
61 11 13 25 28 47 63 64 68 69 93 95 -1
-1
1 0 5
3 10 5
6 5 0
17 5 10
20 0 0
21 10 10
22 0 10
23 10 0
55 0 3
52 0 7
44 10 3
35 3 0
34 7 10
33 8 0
-1
