1 145 212 171 173 230 177 15 119 237 492 -1
2 404 109 284 79 250 162 140 425 365 226 304 -1
3 340 218 103 207 160 464 211 200 180 428 51 474 -1
4 139 449 31 289 454 347 76 281 180 343 3 354 -1
5 194 452 29 431 410 27 192 460 212 64 -1
6 154 394 106 306 259 245 374 298 24 430 95 -1
7 43 126 480 152 369 70 177 299 254 239 -1
8 26 386 9 372 210 462 -1
9 427 265 330 186 350 171 212 303 61 362 -1
10 69 426 184 261 321 420 398 -1
11 49 376 87 395 433 488 46 -1
12 368 258 38 156 203 40 264 -1
13 49 70 15 295 104 194 258 418 202 498 -1
14 150 267 48 106 160 376 335 167 319 287 479 291 -1
15 45 265 439 415 176 257 153 366 240 -1
16 316 222 87 436 164 46 496 356 121 -1
17 331 209 359 42 152 57 9 287 134 472 272 -1
18 62 298 205 287 409 372 350 -1
19 87 142 461 266 127 448 457 160 155 332 209 -1
20 108 257 391 354 362 385 125 259 -1
21 56 108 96 469 256 348 159 130 109 -1
22 429 191 302 38 283 50 167 75 437 489 -1
23 121 434 122 495 32 439 12 -1
24 159 467 71 3 268 500 59 439 126 -1
25 343 199 196 334 292 104 79 397 -1
26 137 454 461 14 145 269 -1
27 19 465 40 309 152 441 48 260 -1
28 414 386 273 33 248 152 5 422 288 -1
29 98 274 133 451 84 453 45 -1
30 309 497 144 62 265 368 -1
31 308 311 174 496 451 477 -1
32 220 251 143 235 263 98 380 430 250 219 314 -1
33 446 144 390 393 242 29 -1
34 200 300 108 240 312 452 -1
35 278 107 421 217 80 264 239 -1
36 216 441 223 213 418 154 483 148 125 33 42 -1
37 479 357 457 72 82 396 454 327 354 208 415 181 -1
38 115 314 371 313 415 254 -1
39 199 6 480 450 143 89 186 420 214 124 210 -1
40 114 236 47 134 120 177 90 330 -1
41 339 178 398 365 95 118 464 -1
42 77 8 377 119 105 363 112 475 130 399 405 235 -1
43 153 38 446 423 320 311 69 -1
44 426 227 380 358 95 327 76 60 97 473 5 -1
45 31 407 481 243 461 475 465 480 291 -1
46 10 287 77 349 446 3 435 370 158 -1
47 400 469 291 102 235 260 113 99 428 458 -1
48 179 227 415 451 149 76 348 200 50 248 58 -1
49 206 106 479 116 478 28 77 45 284 224 292 469 -1
50 368 461 225 27 199 324 454 433 -1
51 228 35 45 463 409 355 -1
52 299 24 172 352 146 435 368 143 246 134 114 403 -1
53 346 81 414 351 474 472 40 173 69 20 133 -1
54 352 107 471 65 22 -1
55 314 266 279 111 170 331 53 115 -1
56 380 179 325 84 357 459 460 354 464 481 245 -1
57 65 54 262 104 210 446 413 289 405 458 -1
58 297 485 282 382 53 327 60 -1
59 211 415 227 388 413 140 -1
60 455 372 230 489 480 327 438 267 136 349 89 -1
61 176 193 417 6 142 196 455 228 74 457 354 -1
62 258 397 116 109 150 195 62 361 335 100 470 296 -1
63 351 375 330 397 478 43 492 305 116 81 384 -1
64 435 359 73 170 67 114 493 494 173 415 314 261 -1
65 387 276 121 297 484 110 472 424 49 333 500 481 -1
66 476 243 367 437 357 163 449 330 -1
67 107 343 178 248 313 481 260 -1
68 1 153 244 384 192 18 441 388 190 255 -1
69 442 339 321 132 122 300 201 168 245 -1
70 404 264 130 131 45 305 14 68 -1
71 462 47 132 334 402 137 286 406 290 -1
72 96 182 142 125 390 114 338 -1
73 389 13 105 325 369 422 234 457 238 -1
74 13 158 487 334 460 265 384 126 264 217 -1
75 223 97 421 139 125 411 422 -1
76 139 211 376 225 88 494 115 409 430 121 -1
77 15 338 473 60 85 12 143 240 -1
78 60 99 98 102 419 229 321 382 -1
79 153 453 466 88 54 297 128 264 356 172 369 -1
80 192 82 4 231 138 27 -1
81 297 463 399 471 487 96 -1
82 322 121 388 92 43 109 147 30 303 39 403 -1
83 176 471 292 286 342 441 -1
84 253 495 261 387 405 278 320 -1
85 49 401 40 480 185 132 293 -1
86 119 91 378 58 96 192 413 35 53 -1
87 420 474 333 320 146 363 461 481 276 415 160 483 -1
88 250 481 242 346 444 245 494 302 358 -1
89 139 123 48 259 120 156 373 128 292 163 77 -1
90 224 208 189 171 50 243 -1
91 174 357 433 359 189 165 258 -1
92 121 207 160 348 19 383 174 -1
93 156 107 401 56 203 301 -1
94 400 274 342 269 347 191 439 227 273 500 -1
95 25 84 459 113 333 491 120 122 175 205 -1
96 343 460 195 415 220 361 414 77 179 -1
97 424 67 393 142 390 103 -1
98 91 116 330 324 451 212 -1
99 176 338 67 268 129 269 350 -1
100 153 7 431 446 416 193 -1
101 403 325 465 66 338 2 184 -1
102 257 452 124 310 431 371 362 185 419 203 -1
103 268 51 169 220 478 403 145 25 262 323 468 99 -1
104 170 439 95 366 355 298 201 346 -1
105 275 378 311 285 407 290 190 -1
106 410 266 83 189 498 56 11 -1
107 492 304 185 9 216 400 -1
108 426 205 143 366 214 424 159 452 -1
109 148 451 27 201 416 434 36 183 211 345 152 -1
110 485 375 392 142 136 190 275 159 -1
111 343 393 3 344 135 428 239 172 426 485 199 -1
112 458 475 135 124 295 57 -1
113 42 226 401 339 167 334 475 -1
114 276 378 429 266 332 381 75 472 -1
115 175 243 35 24 304 50 190 70 464 -1
116 474 167 418 305 10 424 482 487 -1
117 323 39 268 341 152 281 2 401 128 -1
118 47 110 119 80 277 434 328 109 -1
119 469 301 103 105 28 473 -1
120 272 236 8 72 309 384 320 119 261 125 375 218 -1
121 277 293 134 107 97 372 -1
122 408 101 369 38 362 44 173 146 -1
123 499 94 15 397 446 356 406 332 135 -1
124 202 106 174 56 180 465 415 369 37 248 210 359 -1
125 1 35 84 77 136 230 386 271 474 144 244 -1
126 107 257 210 418 479 133 177 67 392 420 489 -1
127 236 138 423 325 60 270 360 226 175 221 164 -1
128 106 101 442 276 144 416 290 132 -1
129 280 499 404 331 364 42 204 -1
130 248 127 63 76 157 109 477 39 71 -1
131 200 8 183 308 105 27 -1
132 123 492 302 309 455 168 381 268 330 -1
133 400 109 319 47 153 121 112 183 188 498 63 -1
134 51 61 186 349 430 188 359 259 277 52 130 -1
135 209 173 466 184 51 136 214 -1
136 209 188 327 117 302 393 94 -1
137 401 8 378 197 211 12 334 358 59 -1
138 91 454 432 375 158 382 43 235 418 473 -1
139 99 281 306 440 237 148 334 465 39 115 -1
140 436 205 409 2 411 440 130 -1
141 222 372 385 182 64 159 132 343 318 84 81 -1
142 325 183 232 35 396 251 -1
143 248 383 82 276 215 46 221 158 95 262 -1
144 89 382 418 229 47 34 -1
145 443 381 287 310 376 425 -1
146 81 346 273 461 27 161 459 427 395 442 462 251 -1
147 69 489 84 198 215 150 262 474 444 17 -1
148 381 392 473 282 233 493 89 486 326 478 291 -1
149 271 180 479 272 376 469 362 -1
150 167 11 420 479 477 476 59 -1
151 131 305 229 191 479 139 482 39 416 420 -1
152 436 291 15 12 405 460 -1
153 146 491 281 412 42 379 409 258 -1
154 216 350 87 365 48 330 221 352 395 -1
155 187 426 205 235 83 317 -1
156 293 424 395 259 37 337 218 -1
157 30 60 308 211 112 256 272 409 135 73 282 351 -1
158 476 183 119 295 114 130 353 42 399 147 63 -1
159 305 19 316 342 313 33 431 490 325 132 218 -1
160 316 289 85 448 331 151 -1
161 112 137 426 458 479 336 -1
162 419 352 294 464 295 135 365 196 225 -1
163 200 76 208 298 499 360 426 181 -1
164 248 147 344 256 278 414 249 358 118 399 -1
165 176 279 337 30 425 292 -1
166 312 6 79 311 141 497 324 83 293 -1
167 485 268 222 306 178 304 115 107 370 11 420 339 -1
168 8 292 491 94 117 222 375 227 497 360 291 2 -1
169 257 362 95 244 275 487 -1
170 105 12 44 213 249 496 374 341 -1
171 402 184 202 163 393 107 99 -1
172 303 52 91 149 275 22 307 -1
173 370 390 183 29 375 179 38 71 443 77 452 -1
174 34 387 225 175 337 409 145 79 144 305 -1
175 329 64 57 51 21 120 185 409 328 319 162 -1
176 61 264 326 239 493 93 259 391 272 354 414 451 -1
177 336 346 485 375 193 119 31 172 407 263 435 189 -1
178 26 347 154 401 321 440 50 -1
179 388 253 129 16 159 192 339 95 15 231 111 279 -1
180 277 423 490 188 160 497 293 355 -1
181 328 395 481 65 316 102 -1
182 409 19 472 80 478 485 403 59 27 107 251 374 -1
183 243 47 46 448 252 202 418 465 86 183 -1
184 447 378 86 236 193 265 397 -1
185 415 185 62 407 74 448 378 279 251 179 -1
186 391 324 299 452 354 219 229 352 -1
187 498 180 246 488 287 313 288 153 -1
188 243 365 379 333 262 325 -1
189 69 493 169 98 164 441 433 255 17 450 102 -1
190 173 296 432 408 48 196 54 -1
191 48 261 374 312 132 49 368 453 375 431 -1
192 129 15 214 397 6 93 332 478 273 81 84 -1
193 307 209 479 228 33 166 380 39 433 337 232 456 -1
194 371 72 44 87 86 221 408 300 446 424 257 -1
195 56 339 9 182 345 174 -1
196 266 144 459 126 13 111 168 449 406 143 -1
197 405 385 319 329 362 353 111 61 -1
198 238 375 83 315 16 263 469 163 213 -1
199 303 463 99 204 416 127 203 -1
200 489 51 94 99 257 156 130 126 262 497 143 478 -1
201 35 471 103 290 184 194 191 456 36 -1
202 165 51 427 437 163 429 349 121 -1
203 269 344 417 435 209 45 207 470 49 -1
204 442 144 66 446 63 67 105 331 489 -1
205 437 384 115 368 33 123 178 366 153 231 251 435 -1
206 22 107 395 154 427 135 235 170 378 389 70 -1
207 440 177 492 438 253 114 456 368 226 387 482 -1
208 201 140 404 46 221 159 397 260 432 -1
209 6 329 426 180 487 248 355 51 225 115 55 -1
210 266 293 125 381 408 109 414 -1
211 462 467 379 173 388 179 160 -1
212 68 294 260 421 85 387 463 333 81 129 302 69 -1
213 92 183 46 413 316 37 414 36 -1
214 361 97 482 259 399 82 334 254 294 -1
215 409 415 414 157 67 316 491 377 100 308 -1
216 417 298 472 394 93 162 28 287 -1
217 151 10 383 120 390 26 18 264 479 -1
218 342 108 159 45 374 37 162 493 278 366 109 -1
219 337 250 138 142 330 435 162 279 212 388 342 390 -1
220 167 329 129 251 169 335 250 422 131 421 302 -1
221 397 86 171 385 490 471 -1
222 421 348 146 217 126 293 269 -1
223 429 479 68 94 350 44 117 237 336 43 -1
224 61 478 345 331 207 375 435 301 284 255 -1
225 339 39 8 472 138 315 12 30 335 113 -1
226 89 385 292 11 3 170 -1
227 63 318 259 247 252 53 264 391 -1
228 211 123 496 88 389 30 178 342 473 436 -1
229 341 190 323 20 272 345 208 360 315 247 261 176 -1
230 499 76 191 119 163 498 21 124 121 182 -1
231 347 230 406 211 423 352 274 169 243 -1
232 153 67 428 229 201 249 142 -1
233 130 79 249 134 291 394 51 181 435 323 173 107 -1
234 410 274 64 335 409 95 398 450 418 131 11 -1
235 365 285 97 412 294 150 1 60 -1
236 224 365 485 487 20 188 453 -1
237 183 435 297 146 226 451 127 481 76 -1
238 309 308 475 93 422 94 337 263 273 395 -1
239 235 70 366 215 465 497 91 104 254 463 -1
240 6 489 325 467 389 2 166 147 125 358 339 -1
241 179 170 341 442 30 116 381 465 -1
242 207 3 258 265 406 162 211 -1
243 34 149 27 185 463 197 192 180 -1
244 277 211 18 500 193 131 129 469 249 319 410 -1
245 49 399 112 428 325 316 444 383 -1
246 197 117 59 318 496 232 442 94 113 313 348 402 -1
247 406 321 311 349 393 381 154 219 96 41 329 2 -1
248 375 361 335 381 472 19 -1
249 325 205 109 85 115 152 383 364 123 390 30 370 -1
250 175 51 369 186 340 437 -1
251 419 376 338 454 445 288 394 264 310 225 365 291 -1
252 199 494 394 437 39 429 470 481 51 338 -1
253 473 312 159 246 2 345 365 288 56 202 -1
254 161 156 321 307 300 30 447 -1
255 274 303 313 67 474 230 233 324 128 256 367 395 -1
256 237 314 228 214 225 -1
257 260 232 457 475 35 73 484 461 -1
258 425 112 454 358 473 265 195 -1
259 376 486 116 51 299 472 -1
260 152 13 73 6 99 16 -1
261 37 289 160 2 148 473 259 496 367 -1
262 41 470 106 64 428 81 272 304 388 -1
263 308 133 211 223 135 21 66 69 469 395 446 -1
264 482 220 483 9 443 262 88 267 401 -1
265 467 63 52 241 165 149 -1
266 239 312 382 356 172 126 111 83 310 273 -1
267 450 245 255 237 2 221 455 467 -1
268 186 14 280 307 391 274 424 291 -1
269 92 241 229 101 8 468 -1
270 413 276 175 129 265 315 417 44 93 355 378 107 -1
271 115 50 310 65 240 109 -1
272 37 260 196 254 58 243 233 251 376 -1
273 291 234 147 83 189 430 -1
274 288 373 354 44 114 473 265 464 -1
275 91 58 482 39 340 112 186 252 -1
276 345 303 456 280 242 358 417 423 434 135 19 -1
277 497 43 8 428 220 88 232 439 93 102 125 -1
278 161 461 474 121 448 153 214 281 178 244 265 -1
279 140 275 20 439 310 89 500 346 -1
280 155 236 156 271 455 458 139 20 427 1 -1
281 81 317 271 117 79 403 416 443 255 168 -1
282 318 100 214 305 269 2 470 46 150 -1
283 92 97 169 55 334 394 292 184 156 433 322 -1
284 460 87 100 335 30 403 422 354 -1
285 121 486 472 64 196 33 337 349 477 -1
286 336 142 418 493 483 238 137 205 302 312 343 146 -1
287 384 437 436 51 458 21 42 350 185 214 105 377 -1
288 318 113 398 87 375 443 235 435 257 -1
289 350 227 12 102 271 198 377 472 251 -1
290 12 207 107 112 259 361 242 -1
291 267 315 148 14 354 208 105 71 -1
292 165 161 193 359 278 177 275 -1
293 261 253 15 43 341 132 209 -1
294 238 260 312 136 250 127 348 110 -1
295 360 433 270 134 63 277 437 281 -1
296 328 298 359 128 499 69 -1
297 475 406 335 408 431 52 225 256 17 -1
298 401 410 366 92 86 413 230 -1
299 165 98 405 381 132 299 -1
300 132 42 70 241 24 327 487 25 142 113 -1
301 4 7 32 90 141 187 206 283 -1
-1
1 2 0
2 4 0
3 6 0
4 8 0
5 12 0
6 14 0
7 16 0
8 20 0
9 20 2
10 20 5
11 20 7
12 20 12
13 20 16
14 20 18
15 20 20
16 0 20
17 2 20
18 6 20
19 8 20
20 12 20
21 14 20
22 16 20
23 18 20
24 0 2
25 0 4
26 0 8
27 0 10
28 0 12
29 0 14
30 0 16
31 0 18
-1
