14
12
1 3 4 8 6 3
1 2 4 13 3 3
1 5 4 3 6 3
13 0 4 9 3 3
2 0 4 13 0 1
11 8 4 6 4 2
7 13 4 8 5 3
1 0 4 8 9 3
1 6 4 10 4 2
0 2 4 11 2 1
13 11 4 2 12 1
11 10 4 4 12 2
4 13 4 1 8 1
12 0 4 11 2 3
13 10 4 5 7 1
12 7 4 9 9 3
9 2 4 5 9 3
1 8 4 5 11 3
7 11 4 4 5 2
10 9 4 3 10 3
0 12 4 11 8 2
12 11 4 5 5 2
3 6 4 4 0 1
11 13 4 8 1 1
8 8 4 8 12 1
3 7 4 6 1 2
13 4 4 9 11 1
2 0 4 9 1 3
3 7 4 1 8 2
10 1 4 7 7 3
8 4 4 5 4 2
7 10 4 13 13 1
4 1 4 5 9 2
8 6 4 10 7 1
12 12 4 11 6 1
13 6 4 0 13 1
0 13 4 8 6 1
12 2 4 0 5 1
8 0 4 0 6 3
9 10 4 2 1 2
1 1 4 11 13 2
12 0 4 7 5 1
1 2 4 1 13 3
6 9 4 2 0 1
7 11 4 2 12 2
1 1 4 5 6 1
13 1 4 4 1 2
12 13 4 0 1 2
1 12 4 12 0 1
9 13 4 4 11 3
1 9 4 5 12 3
9 0 4 4 13 2
10 9 4 4 7 3
4 11 4 9 13 1
7 0 4 11 11 1
6 11 4 6 3 3
0 13 4 10 12 2
5 2 4 2 13 2
3 5 4 1 8 3
-1 -1 -1 -1 -1 -1
