18
12
13 14 4 3 0 3
5 17 4 13 0 3
8 14 4 11 15 2
11 4 4 9 1 2
15 14 4 16 9 1
11 1 4 5 0 3
0 17 4 9 6 2
10 6 4 11 6 2
0 10 4 3 12 3
0 3 4 17 13 3
1 15 4 13 2 1
13 9 4 12 5 1
5 9 4 8 2 2
8 6 4 6 5 2
14 0 4 17 2 3
17 15 4 1 5 1
17 10 4 10 11 1
11 15 4 2 13 1
12 13 4 15 17 2
7 10 4 9 17 3
16 13 4 1 5 2
16 0 4 0 17 1
10 13 4 8 16 1
2 9 4 15 7 2
8 9 4 9 7 2
2 1 4 3 6 2
4 16 4 6 4 1
11 4 4 11 10 2
13 9 4 17 12 1
16 17 4 16 3 3
5 5 4 5 2 3
5 12 4 0 15 2
5 4 4 13 7 2
7 13 4 17 13 2
5 17 4 2 17 2
0 1 4 1 16 3
0 6 4 15 7 1
1 11 4 16 16 1
5 7 4 10 3 1
3 6 4 15 10 1
5 2 4 12 16 3
7 17 4 15 0 2
8 9 4 6 9 1
12 12 4 6 17 3
3 2 4 2 5 2
8 3 4 8 11 3
6 1 4 4 10 1
14 16 4 14 2 2
13 0 4 15 11 1
0 16 4 1 7 2
14 12 4 9 0 3
1 7 4 16 0 1
17 10 4 9 17 1
7 7 4 1 13 1
12 15 4 14 2 3
11 2 4 17 3 2
10 13 4 14 13 3
13 10 4 10 17 2
12 2 4 0 16 2
1 3 4 3 8 3
12 11 4 7 4 3
0 8 4 9 8 3
17 4 4 12 0 2
5 11 4 9 14 2
12 16 4 6 10 2
0 3 4 5 13 2
2 15 4 5 0 2
9 10 4 13 1 3
12 12 4 1 15 3
2 12 4 2 8 3
10 2 4 3 1 3
2 10 4 4 1 3
14 6 4 17 3 3
10 2 4 0 13 1
11 9 4 15 2 1
13 16 4 11 13 3
4 2 4 2 14 1
12 10 4 16 7 3
12 7 4 10 16 3
11 17 4 5 6 1
0 13 4 17 0 3
9 16 4 10 3 3
1 0 4 6 5 1
12 16 4 14 1 2
2 6 4 0 10 2
6 5 4 3 4 1
7 17 4 14 3 3
6 11 4 4 16 3
14 3 4 11 17 3
14 4 4 4 5 1
16 1 4 17 5 3
14 10 4 10 11 2
12 11 4 16 2 1
0 13 4 3 6 1
5 17 4 10 13 2
7 6 4 7 7 1
12 10 4 4 0 2
15 0 4 9 6 3
15 3 4 13 11 2
12 10 4 2 16 3
5 3 4 0 17 3
16 12 4 6 3 3
9 10 4 11 4 3
1 9 4 9 9 2
9 4 4 8 2 1
12 11 4 14 0 2
0 3 4 8 15 3
15 16 4 16 16 2
0 17 4 8 0 1
2 13 4 3 3 1
15 12 4 14 4 3
16 5 4 12 11 2
12 3 4 4 1 2
13 16 4 6 3 1
5 9 4 0 12 1
7 1 4 7 17 1
15 1 4 14 12 2
16 17 4 4 3 3
4 3 4 17 0 2
14 9 4 1 16 1
3 9 4 11 5 3
0 2 4 13 4 2
11 6 4 6 16 2
0 13 4 1 6 1
14 8 4 5 13 3
8 15 4 15 17 3
12 0 4 6 4 3
15 11 4 2 7 3
7 1 4 8 8 1
2 3 4 5 16 2
8 14 4 15 8 2
3 13 4 5 11 1
2 15 4 9 9 3
17 14 4 13 6 2
13 0 4 14 7 2
11 17 4 17 15 1
-1 -1 -1 -1 -1 -1
