32 250
-11 -19 26 -7 0 2
-1 -20 21 -24 -30 0 3
1 17 0 2
17 26 -4 -31 6 0 3
-12 -17 27 0 1
12 14 0 2
-2 0 2
-12 18 -21 -4 0 1
-17 -25 0 1
2 11 20 7 10 0 3
2 -27 31 0 1
-3 -28 0 2
1 2 -18 -30 0 1
15 9 0 1
1 0 2
20 -29 8 0 2
-13 0 2
-24 7 -9 0 3
-19 0 1
16 -10 0 1
28 -10 0 3
18 32 0 2
11 -6 -9 0 1
-27 -10 0 3
-12 -16 -28 -4 -6 0 2
-14 -26 -7 -10 0 2
22 28 -31 -9 0 2
-19 -30 0 2
-16 26 0 1
-20 0 3
-26 -31 0 3
-14 -23 26 0 1
-22 24 -30 -6 0 3
2 0 3
2 17 22 30 6 0 1
-11 13 17 0 1
-21 0 3
-4 0 2
-16 -17 -25 5 0 1
-15 16 -20 25 5 0 1
-17 -31 -9 0 2
-12 -21 0 1
1 -27 30 4 0 3
-15 18 0 2
13 -20 23 -29 0 1
-13 26 31 -7 -8 0 3
1 -31 -5 0 3
-29 0 2
-13 -14 -31 0 1
-11 17 3 -28 -29 0 3
-15 -29 0 3
18 -28 6 0 3
-24 28 30 0 3
-16 20 0 1
10 0 2
11 12 -6 -9 0 1
32 0 1
23 -29 -30 0 1
18 -24 0 1
-1 -19 -4 10 0 1
-12 24 0 1
27 -6 0 2
-2 29 0 3
17 -19 0 1
-25 26 7 0 2
13 0 2
2 21 4 -31 6 0 2
20 0 3
-20 -23 0 1
-23 -7 -9 0 1
-1 12 0 1
10 0 2
12 21 0 2
-3 24 31 -5 7 0 1
-25 -8 0 3
2 -16 17 0 2
-15 4 -6 0 2
-23 -25 29 4 10 0 2
-12 0 2
19 27 0 2
-13 -16 17 8 10 0 1
15 22 26 -8 0 1
12 -27 32 0 2
-19 30 -32 0 2
-15 -4 0 3
2 -19 0 3
15 -18 -6 0 3
1 -3 -29 0 1
-22 -23 -28 30 -8 0 3
27 -29 0 1
12 18 21 23 25 0 2
17 -18 -30 32 -6 0 2
13 23 32 -6 -9 0 2
5 0 3
-1 -21 -22 -27 0 2
15 -21 26 5 0 2
4 32 -9 0 2
-32 0 2
-3 -21 23 -30 0 2
7 0 2
-17 -6 9 0 1
1 21 7 0 1
12 -28 32 6 -10 0 1
-17 23 -30 6 0 1
15 -29 9 0 3
16 -17 0 1
31 -5 8 0 1
-1 21 25 0 1
14 -20 22 -7 0 1
-2 11 22 0 1
3 -28 0 1
-2 21 0 1
-20 -3 23 -28 5 0 2
-11 0 3
13 -18 -24 27 0 2
16 26 6 -9 0 3
1 12 16 -21 23 0 3
-1 -2 14 0 1
-26 -32 0 3
-5 0 1
-13 0 1
27 0 3
32 -5 0 2
19 0 3
-17 31 7 8 0 2
-14 -24 25 0 1
-12 16 4 -7 -10 0 2
-11 29 31 0 3
-16 0 3
25 0 1
-2 -21 24 -29 31 0 3
15 -24 -5 0 2
19 0 2
-29 0 1
-32 0 3
30 0 3
-12 16 32 -10 0 1
2 19 29 9 0 2
-19 -21 -24 0 1
12 -3 -23 0 1
-11 -14 -22 23 0 1
-2 27 -28 4 -7 0 2
-21 0 1
30 32 7 -10 0 3
27 10 0 1
2 8 10 0 3
-28 0 2
-12 14 -21 31 0 2
2 -20 28 4 0 1
-25 -26 -32 5 -10 0 2
16 20 -23 28 29 0 2
12 -26 0 3
-15 20 -26 8 0 2
2 29 -4 9 0 1
-3 22 -27 -10 0 1
3 30 4 9 0 1
-10 0 3
19 -26 28 -31 0 1
-21 -4 -8 0 3
-6 7 0 3
-11 -21 0 2
17 23 -5 0 1
-11 17 -23 32 6 0 1
12 22 23 30 -4 0 1
-21 0 3
26 -27 0 1
17 -26 -27 0 1
24 25 5 0 3
-26 0 3
-2 -9 0 2
-1 -17 30 -4 9 0 2
4 0 1
-11 19 23 -4 0 1
2 -14 -17 5 0 3
-13 -15 -23 24 10 0 2
12 20 -5 0 1
-17 -10 0 3
-11 -12 20 26 0 1
1 -3 0 3
1 -13 -24 0 2
-19 22 4 8 0 3
-26 0 1
4 31 0 1
-14 -27 30 8 -10 0 1
21 -6 0 2
19 28 0 1
-13 -18 -26 32 0 1
-15 18 27 8 0 1
-15 26 -5 -7 10 0 2
-2 10 0 3
11 29 5 8 -9 0 3
11 -21 25 7 0 1
-12 -19 21 -29 9 0 3
-8 0 1
-22 24 32 7 0 3
-1 -31 32 10 0 1
-15 18 19 -3 0 1
-15 32 8 0 1
11 25 -28 -29 0 3
23 0 1
-2 15 -17 -23 -30 0 3
11 12 13 -14 28 0 2
26 -27 6 0 2
-5 0 3
-20 0 2
18 -24 -25 0 3
-18 25 9 0 3
-13 32 0 2
-11 -18 27 32 0 2
15 16 -29 -7 -8 0 2
2 15 -22 25 -5 0 2
-17 -20 0 2
22 0 2
-19 0 3
-2 -24 30 0 3
2 0 2
-13 -16 -20 -27 7 0 2
-11 -3 26 32 0 3
13 -29 -7 0 2
-23 -7 10 0 3
18 -21 -4 -6 0 1
-2 17 -22 -30 0 3
12 0 1
-15 21 24 28 -4 0 3
1 -14 -16 -29 0 1
-7 0 3
23 -25 30 -6 8 0 3
-1 -2 -16 -30 0 3
-25 0 1
12 18 -6 -9 0 1
9 0 3
-27 -9 0 3
27 -28 7 0 3
-29 0 2
32 5 0 1
-2 -32 -6 8 0 1
14 -3 21 28 0 2
-11 8 0 3
11 -25 0 1
1 16 -20 23 10 0 1
-25 26 -32 -10 0 1
5 0 2
23 0 1
19 0 1
-32 6 7 0 1
19 0 2
19 21 -26 -8 0 2
-7 0 2
-15 0 3
-18 3 4 32 0 3
