35 300 
-1 30 0 3
1 -25 0 3
14 -26 30 35 6 0 3
-1 13 19 -3 -23 0 2
-22 -5 0 2
-13 3 -24 -32 35 0 1
-11 -13 14 -16 19 0 2
28 0 2
12 14 -28 0 1
9 0 2
13 28 0 1
-1 -12 17 23 -34 0 2
15 16 -22 0 3
22 34 -35 5 0 1
-1 2 17 -28 -4 0 2
3 -23 0 1
-12 27 0 3
2 11 -17 4 0 2
-1 -6 0 2
23 -4 -32 34 7 0 2
2 11 -15 0 2
-12 -20 -3 33 0 1
13 0 1
18 -31 -9 0 2
-3 5 -6 10 0 1
21 26 -29 7 0 2
12 3 24 -28 4 0 2
12 -23 35 10 0 2
-26 0 1
7 0 3
-11 -19 22 7 0 3
-15 -18 -3 30 0 3
-14 0 2
2 -30 -32 0 1
-29 10 0 3
15 31 6 0 3
2 -12 -19 10 0 2
13 -14 4 7 -9 0 1
29 0 3
16 17 29 0 1
18 19 -5 -7 0 2
-22 -25 -26 -8 0 1
1 16 20 26 0 1
-21 0 1
16 25 -32 0 1
25 0 1
-23 -31 0 1
17 3 -23 -31 -8 0 2
-24 -27 7 0 1
-11 21 -23 -7 0 3
-34 0 2
-25 0 1
-29 33 0 3
-13 17 35 0 2
24 30 31 33 -35 0 2
-12 -15 -22 27 -5 0 3
-2 0 3
-19 -21 23 -34 -7 0 2
1 2 -26 -27 28 0 3
-18 5 0 2
-13 -22 25 -32 9 0 2
26 -35 0 1
14 0 3
18 -19 -33 -35 0 1
-18 -26 -28 -31 0 3
34 -8 0 3
21 22 -7 0 1
-14 29 33 -9 0 2
1 2 13 18 9 0 2
-18 34 -35 -5 0 3
-2 -12 20 30 0 1
2 -20 -30 0 1
32 10 0 3
23 30 34 -6 0 3
-1 -18 -20 -3 34 0 1
-3 0 1
14 17 -28 -33 35 0 3
-18 0 3
13 23 28 0 2
2 17 -19 0 3
26 -30 0 2
-14 -16 20 32 -6 0 2
-17 0 2
-18 35 10 0 2
2 -12 -4 10 0 3
-2 -13 -15 -16 -10 0 1
11 13 14 21 -28 0 3
-32 -35 0 3
-22 -9 0 1
-11 -3 -23 -4 0 1
1 14 0 2
12 13 18 35 9 0 3
-11 28 -9 0 1
-31 -34 0 3
11 19 -22 24 0 1
20 -25 26 33 0 1
-1 16 21 -23 30 0 3
-16 -29 34 -10 0 1
-23 27 29 4 0 1
11 -15 -31 0 3
-11 -30 -33 0 2
-24 0 3
23 0 2
-26 34 0 2
-21 25 7 0 3
-12 14 3 33 -5 0 3
-18 19 -21 4 -34 0 2
-2 11 23 -25 -6 0 1
23 28 -30 33 -9 0 2
5 -7 -10 0 2
5 0 3
-3 24 30 34 0 1
15 27 31 0 2
-16 20 23 -29 34 0 3
20 -3 25 -31 -6 0 1
2 0 3
12 23 0 3
11 22 26 -30 -35 0 3
11 -27 0 3
11 -14 -3 -6 -9 0 3
1 18 0 1
29 -31 -32 0 3
2 -18 -31 32 0 1
-11 29 0 2
2 0 1
2 -25 -28 9 0 2
-11 20 -34 -7 0 3
-27 -35 7 0 3
-16 30 -31 0 2
19 0 1
-32 -5 -9 0 2
27 4 34 6 9 0 2
2 15 -25 30 -4 0 3
19 20 24 0 3
34 0 3
-3 0 1
28 0 1
-24 -28 -29 9 0 2
5 0 3
25 -26 32 -33 0 1
-15 17 0 1
-11 -17 -28 34 -9 0 1
14 9 10 0 3
12 16 27 -30 -4 0 3
30 -34 8 0 1
-16 33 -7 0 2
27 10 0 2
21 -25 31 -8 0 1
-15 16 -20 -24 27 0 1
-1 0 1
3 22 34 0 1
-32 -8 0 1
-16 26 0 1
29 31 8 9 0 2
-1 -18 -22 -35 -6 0 2
12 -18 3 29 34 0 1
-17 28 -34 0 1
20 -5 0 2
-20 -25 -26 0 3
35 0 2
11 -20 -31 0 2
22 10 0 3
11 0 1
-14 0 3
28 0 1
-28 33 5 -6 7 0 3
20 -21 -33 0 1
15 18 22 24 -34 0 1
23 -4 0 3
25 0 1
3 -7 0 1
-1 -28 -33 9 0 3
7 0 3
13 19 3 31 8 0 1
-16 -17 18 34 10 0 2
20 7 0 1
-11 25 -29 -7 -9 0 1
-2 -13 -14 0 3
16 29 5 0 2
2 16 -19 0 2
1 20 -30 0 1
-17 35 0 3
29 0 3
-13 -16 -26 0 3
17 -19 -23 -32 0 2
-16 33 0 1
1 -14 -27 0 2
12 -30 9 -10 0 1
-35 0 3
12 22 25 -27 7 0 3
-11 -19 4 0 1
-25 6 0 1
-18 20 -31 33 5 0 1
-3 -9 0 3
-2 -13 4 -9 0 3
-1 3 -24 -5 -10 0 2
16 -34 0 3
12 -18 20 31 7 0 3
-2 -16 -23 0 1
32 5 0 1
24 0 2
32 0 1
-2 0 1
-15 -17 -19 -26 9 0 2
18 -20 30 -7 0 3
3 -29 4 0 2
-2 11 -27 -10 0 1
-29 31 -32 0 3
-25 0 1
-13 21 25 6 -9 0 2
-30 -33 6 0 2
-13 -16 -21 23 24 0 3
27 -34 0 1
-15 -25 0 1
12 15 -30 -5 0 1
-23 0 3
-1 -2 3 -26 0 3
18 -31 -32 0 3
-1 14 -25 34 35 0 1
1 6 -7 9 10 0 2
21 -26 35 0 3
-15 -8 0 3
-11 -16 -24 31 34 0 3
15 -16 20 -21 32 0 1
14 35 0 2
-2 11 14 -18 0 3
31 -7 0 1
11 23 0 2
12 -19 20 31 -9 0 2
-24 -33 5 0 3
13 18 7 0 1
18 -19 -32 -6 0 3
-26 -27 28 0 3
-10 0 1
-25 0 3
22 0 1
-11 -13 -16 34 35 0 2
-13 -18 4 -7 0 1
15 22 24 -29 30 0 1
-5 0 2
-11 -24 27 4 10 0 3
11 -15 27 -4 35 0 3
27 0 2
12 -16 -28 0 2
24 32 5 0 2
7 0 1
-1 7 0 1
16 19 20 -25 -29 0 3
24 0 1
2 -12 18 0 3
14 21 24 -25 0 2
-24 -25 -6 0 3
-4 10 0 1
-20 0 3
11 0 1
-24 -25 26 -4 0 1
11 0 1
-15 0 1
27 0 3
-2 14 -25 0 3
-13 17 0 2
14 -18 -8 0 1
-20 -22 -35 0 2
15 4 -31 0 3
-26 0 2
-11 -28 30 32 -6 0 3
-1 23 25 -35 0 1
-20 31 0 3
-11 -25 31 0 1
1 -18 30 34 0 3
-34 0 1
-15 -5 0 2
35 5 -6 0 2
-11 0 1
11 12 -35 0 1
35 7 0 3
20 21 -23 0 1
26 0 2
-15 30 32 -7 0 1
-27 0 3
30 4 -31 -33 0 1
-17 -6 -7 0 2
18 24 -25 7 0 2
2 25 4 7 0 3
25 8 0 3
12 -23 -5 0 2
-11 -14 -21 -4 7 0 3
-30 -4 32 0 2
34 0 1
31 0 2
-21 -22 -25 28 -35 0 1
21 10 0 2
21 23 30 4 -5 0 3
-18 24 27 0 3
13 24 0 1
19 -4 -7 0 3
26 0 2
-25 -7 0 2
-2 20 -4 32 0 2
-1 7 0 2
